 23 57
 58 28
 11852 17598

 41 97
 88 65
 8250 10497

 15 81
 78 15
 12134 9893

 26 64
 58 26
 4312 2090

 47 24
 20 57
 17244 6806

 46 15
 16 54
 14366 19469

 39 15
 11 30
 9918 19115

 54 82
 39 11
 4058 5122

 63 26
 15 20
 3699 1858

 18 70
 54 11
 11060 3025

 46 16
 34 53
 4182 12687

 14 42
 36 22
 3044 3016

 18 38
 38 19
 8482 13363

 39 11
 20 68
 15100 18828

 60 66
 79 12
 8663 3762

 53 16
 17 74
 16149 9028

 58 26
 23 63
 10386 1346

 14 56
 73 18
 5653 3706

 27 13
 24 47
 10319 19746

 81 12
 96 84
 9696 4716

 56 16
 14 67
 3308 6410

 40 20
 27 69
 4167 5469

 34 12
 41 57
 15440 3242

 59 98
 80 20
 3573 4806

 85 15
 70 67
 11835 5422

 19 98
 69 56
 6034 10430

 24 94
 64 32
 2576 2436

 11 54
 77 36
 12376 14444

 88 84
 13 63
 1679 5397

 27 78
 67 14
 16479 8998

 44 46
 45 11
 5666 3112

 61 42
 15 41
 14303 1986

 46 21
 27 62
 16414 15839

 43 17
 20 43
 9593 998

 22 56
 47 21
 11425 1145

 66 14
 13 43
 2441 3375

 65 36
 19 45
 12899 10844

 23 55
 64 26
 16837 3837

 97 37
 18 26
 3635 2879

 54 19
 27 62
 16946 4731

 63 14
 24 76
 6194 4432

 58 36
 17 63
 6356 7092

 28 62
 43 20
 18969 11152

 53 79
 35 12
 5083 15315

 11 54
 58 25
 18973 16071

 84 34
 22 73
 8454 5537

 48 22
 15 42
 4695 4716

 78 22
 18 71
 10940 17046

 73 12
 80 73
 9390 6930

 64 16
 13 46
 6726 13428

 27 25
 88 19
 7337 3482

 84 15
 55 75
 4550 1725

 75 40
 14 43
 10844 1143

 32 92
 89 76
 8356 11792

 63 32
 19 82
 5129 3184

 19 67
 32 11
 5477 7691

 30 83
 98 68
 11514 12964

 27 57
 27 12
 476 5996

 11 36
 81 40
 14202 17708

 35 80
 59 35
 1648 1570

 17 91
 92 70
 4351 3857

 19 33
 29 14
 16416 1607

 50 27
 27 57
 13566 11054

 36 86
 60 29
 5112 8096

 16 62
 67 16
 18162 2988

 79 77
 65 11
 4802 1958

 59 14
 17 56
 2891 998

 19 37
 48 30
 12759 13947

 93 78
 12 46
 690 974

 33 31
 22 90
 1584 6064

 68 26
 13 33
 18241 367

 42 76
 76 35
 4018 2247

 45 23
 25 56
 4035 2894

 55 16
 24 53
 492 5359

 24 46
 57 25
 19118 10440

 73 42
 19 41
 1841 9264

 65 16
 29 71
 15670 9818

 78 22
 70 90
 7136 2364

 23 12
 45 74
 3141 4468

 15 32
 48 24
 18866 5536

 14 98
 81 32
 7764 8338

 44 14
 27 74
 3488 13980

 25 66
 47 17
 8141 14837

 48 22
 20 52
 8896 9180

 26 11
 34 56
 9746 5133

 52 11
 23 74
 1342 12876

 86 22
 67 84
 7503 3056

 13 27
 60 19
 18113 2714

 47 15
 20 34
 12235 3047

 40 12
 11 65
 10907 13793

 67 40
 13 59
 6155 6544

 11 47
 41 23
 13259 6563

 20 49
 66 41
 7654 5147

 14 89
 85 62
 8082 9283

 53 20
 17 49
 16011 16899

 74 32
 16 42
 8598 19638

 87 45
 33 94
 11124 12216

 69 30
 25 57
 2718 5177

 17 43
 69 27
 17472 10852

 86 26
 23 48
 5652 4582

 46 21
 13 28
 599 6094

 39 18
 41 59
 309 7791

 13 57
 79 47
 8315 6819

 55 33
 14 32
 5856 13904

 34 18
 17 78
 3349 5016

 12 57
 50 16
 12838 873

 95 17
 13 78
 4257 6740

 78 36
 17 53
 9451 14053

 20 67
 88 65
 4844 4048

 11 98
 42 37
 485 2635

 38 71
 38 15
 11976 12740

 62 21
 17 38
 6782 5533

 95 20
 34 61
 4860 2100

 76 31
 23 88
 7593 3333

 24 49
 46 18
 16826 13801

 68 34
 24 54
 3484 14232

 41 17
 39 57
 11455 8047

 62 39
 14 40
 12594 8762

 32 45
 95 39
 1806 837

 16 49
 48 11
 14288 3733

 23 89
 97 86
 4215 5315

 16 54
 36 16
 18636 1846

 11 51
 73 17
 1795 3179

 72 18
 16 77
 1040 17678

 48 21
 13 42
 1313 7865

 87 51
 12 37
 1815 2772

 25 63
 57 16
 12411 3498

 31 87
 61 11
 8289 7643

 48 20
 17 74
 4652 3812

 17 89
 74 67
 5121 6624

 19 65
 87 47
 8530 7126

 54 18
 21 61
 8612 16724

 19 39
 33 15
 11696 5138

 13 69
 66 34
 4217 4353

 21 53
 60 26
 10742 14648

 96 25
 20 98
 6892 6156

 33 84
 71 17
 8439 7728

 13 63
 81 29
 7591 6977

 16 37
 65 24
 17131 19329

 20 70
 73 14
 1737 12856

 36 63
 54 24
 2546 11957

 21 98
 35 12
 3332 6772

 28 60
 54 14
 8436 8292

 11 39
 25 11
 6436 3566

 77 25
 13 48
 17471 4526

 92 40
 19 74
 3771 3546

 30 70
 22 11
 2472 5526

 13 24
 28 11
 359 403

 83 48
 32 80
 9252 11008

 34 21
 18 37
 7912 18908

 30 43
 34 13
 11192 8660

 81 12
 26 23
 3628 1897

 51 16
 31 73
 19107 8642

 43 47
 14 67
 4351 5738

 15 62
 32 11
 7458 8235

 38 69
 52 12
 3098 4389

 27 91
 61 57
 5581 11529

 48 11
 26 74
 852 6766

 60 32
 32 61
 7144 17970

 72 26
 12 61
 7484 14817

 51 48
 84 12
 3549 1932

 19 60
 29 14
 6382 18428

 27 54
 85 52
 4952 4004

 12 52
 79 16
 7587 15996

 51 97
 89 29
 7929 7085

 24 77
 72 21
 3992 13591

 19 72
 79 43
 7335 9850

 13 52
 58 28
 12621 4872

 12 47
 42 22
 3846 5231

 67 38
 19 48
 1538 1654

 72 40
 20 54
 6680 8464

 16 41
 71 26
 15567 1312

 54 12
 15 63
 10076 13298

 30 50
 49 25
 3371 9275

 14 53
 48 16
 14006 3617

 36 15
 25 66
 18087 4319

 18 55
 25 14
 3103 6050

 53 21
 28 58
 11541 12151

 20 42
 56 35
 7500 6906

 64 28
 17 93
 1832 4224

 22 80
 61 14
 3750 9724

 51 12
 19 41
 2350 17460

 39 92
 91 45
 7579 10583

 20 80
 83 19
 6579 3467

 53 97
 89 50
 3667 5018

 62 18
 11 45
 3026 638

 23 47
 72 44
 1491 17131

 18 37
 39 21
 15797 16588

 33 11
 43 70
 10210 569

 34 56
 38 18
 16032 16250

 16 68
 46 17
 14172 17686

 26 78
 80 48
 4556 3108

 33 61
 33 19
 4257 6063

 29 96
 80 71
 9252 12989

 91 20
 13 62
 4589 6568

 47 16
 28 70
 15125 7010

 17 38
 24 12
 934 9148

 54 87
 70 31
 9970 10093

 25 50
 37 12
 8479 8504

 15 64
 50 14
 7360 6328

 67 15
 68 86
 5369 1839

 34 14
 26 45
 7616 17302

 35 12
 29 66
 6540 17816

 13 39
 96 61
 8763 6767

 66 39
 19 44
 7645 17430

 88 77
 23 80
 7889 11633

 14 72
 85 26
 2802 12736

 81 88
 17 79
 1851 6006

 22 50
 41 16
 11343 2422

 14 39
 54 15
 2440 16736

 36 64
 75 41
 9039 8221

 51 54
 89 23
 4048 2434

 61 11
 32 87
 3472 2977

 55 29
 29 62
 13412 8513

 36 16
 56 78
 6632 16212

 81 43
 50 90
 8195 4985

 35 13
 13 26
 5712 14914

 58 91
 54 25
 8134 6909

 97 19
 40 59
 1718 797

 25 67
 60 26
 4765 17447

 84 75
 14 71
 4634 7355

 14 30
 44 25
 5738 5800

 61 28
 29 66
 7310 7992

 73 81
 65 19
 8427 5685

 53 15
 40 82
 294 18944

 15 70
 24 19
 1962 5622

 80 12
 14 72
 4548 11708

 43 51
 97 32
 8994 4771

 14 56
 70 17
 1974 3951

 13 32
 37 26
 2628 11680

 39 53
 28 11
 8359 7003

 31 45
 65 17
 4350 4458

 53 18
 21 48
 5316 1856

 98 18
 40 51
 2034 1203

 82 16
 14 72
 6456 12648

 35 61
 50 23
 14705 17268

 52 28
 14 48
 7506 12796

 58 13
 32 68
 14032 10252

 15 74
 58 13
 11021 15071

 11 61
 34 12
 3323 10339

 46 85
 76 36
 8134 8973

 21 65
 65 38
 4433 3277

 36 18
 26 56
 1890 14514

 86 40
 35 98
 3788 6992

 13 46
 81 62
 2074 4868

 11 33
 51 26
 19564 11909

 12 69
 51 16
 9242 18519

 59 72
 66 18
 6394 2862

 35 16
 23 33
 2614 1169

 38 90
 76 54
 9424 12366

 17 63
 49 15
 13592 13400

 82 63
 36 88
 6188 5780

 34 22
 11 24
 8201 16846

 68 18
 13 61
 13949 2649

 55 87
 70 30
 6260 6996

 30 55
 83 25
 5030 4135

 68 21
 53 86
 8804 8568

 72 23
 12 71
 19100 5294

 45 30
 28 92
 4659 5526

 75 33
 22 96
 3846 9720

 63 27
 23 49
 14605 19143

 21 41
 34 16
 16799 1471

 14 44
 61 25
 1021 1375

 18 67
 47 11
 18923 15540

 21 48
 79 43
 8375 6899

 14 30
 41 28
 5771 4974

 51 72
 96 38
 7491 5504

 50 73
 27 12
 5807 6542

 24 56
 29 15
 8703 15621

 23 82
 66 64
 5165 8650

 15 34
 49 29
 18811 3224

 16 68
 75 51
 4858 8330

 63 37
 21 53
 19058 13376

 40 51
 47 18
 2428 2928

 35 60
 34 13
 12875 11185

 71 28
 20 38
 2353 2012

 36 71
 78 19
 1464 730

 13 38
 54 14
 4406 6146

 20 70
 64 13
 13152 10009

 14 76
 53 27
 2005 7495

 60 29
 28 64
 2404 12748

 12 31
 69 25
 16160 6136

 36 14
 11 57
 6244 1242

 40 44
 65 14
 6680 1828

 51 14
 14 63
 8060 7704

 68 49
 30 72
 5414 8083

 63 22
 24 62
 4842 4908

 81 34
 13 60
 18869 1244

 44 37
 22 70
 3762 6820

 32 59
 22 13
 828 8847

 45 35
 13 35
 1400 3080

 17 46
 40 11
 7459 7662

 48 16
 14 59
 15488 4344

 12 30
 68 52
 14804 13268

 25 70
 45 12
 10225 3220

 73 37
 14 40
 18129 2281

 37 78
 89 48
 6238 8124

 36 77
 39 25
 6630 8456

 17 52
 42 28
 1610 2212

 77 39
 28 73
 6496 6584

 13 96
 86 31
 1294 4119

 64 21
 13 41
 15407 16446

 99 57
 28 79
 4992 6081

 36 11
 30 52
 17516 1994

 68 11
 17 59
 13113 3576

 69 63
 12 50
 5934 6316

 11 35
 70 34
 4430 12998

 68 37
 27 87
 3120 4590

 42 22
 26 56
 11322 2252

 69 44
 19 47
 8320 5054

 88 25
 17 60
 3272 2695

 94 66
 30 83
 3106 4906

 34 81
 42 26
 4804 7890

 21 99
 64 29
 6823 9803

 39 74
 93 55
 5511 4991

 12 65
 67 46
 3698 7988

 28 12
 11 35
 10466 14146

 12 80
 42 45
 3858 4335

 67 25
 12 59
 13506 13733

 80 52
 17 42
 7298 11648
